4760:40263,36896,81536,22502,86535,121737,88044,83663,56082,11226
8411:101420,5889,3,9480,8074,395,6284,26136,1567,5025
9834:83386,2691,9735,136,2185,6546,21141,4886,3614,4643
11554:631,3136,7874,92195,43204,45254,65001,45291,53165,27826
19176:11785,41105,46316,86914,24835,20868,48265,23947,11916,100354
24917:3750,18321,75644,35315,53444,105055
23133:40136,31118,3514,104832,46643,31118,116542,584
1391:26376,89015,62593,71234,117094,104871,84296,16823,18673,66418
13087:98698,12544,91856,28163,71332,103943,69833,10762,88846,35133
22465:54223,96720,116336,90231,28953,23933,28926,91137,109063,12296
23828:24348,106092,32343,79883,17812,36400,49433,89760,19489,77993
26410:42375,74023,6071
17254:105897,84943,30771
1721:34700,17667,30019,7444,90779,35101,4907,24195,559,66361
12669:34555,66103,13963,55564,12941,46864,16816,22308,108966,42
24184:30112,80897,21380,1288,4107,2583,3755,431,7048,30644
16305:53322,510,52225,4227,32389,70152,2903,269,12175,5394
8491:11326,2850,38353,87746,226,70,138,56633,394
13770:32797,24960,1923,23945,71640,4755,4825,5145,23580,1712
25759:40283,559,83329,103531,51716,75953,86926,77969,66329,13339
27480:63767
27595:79240,89154,94638,96227,115173,42822,100810,24921,61573,119138
16929:67019,5398,29419,12165,4425,4586,9867,26966,15337,4427
30304:74930,56448,92932,107022,106136,56089,56614,21544,41,32299
19069:10660,53414,15335,10660,24145,36726
14056:45018,45018,36135,24232,60591,9271,100923,52284,79936,80706
26783:88139,80897,21380,1288,4107,2583,3755,431,7048,30644
29497:75350,10247,15370,1804,530,12440,28061,1313,289,2469
30309:59061,107167,41568,106081,15243,13157,2379,20812,13613,20462
9666:11644,398,114181,29094,33576,69388,12304,96008,50391,97337
14619:77650,53761,1730,4743,5097,3568,18425,890,42756,100357
19065:34309,62593,38549,36120,34843,59550,104871,89015,8891,95165
22808:87922,34123,84972,104336,84082,85493,24598,25438,26193,2515
20074:97559,33130,72538,46234
33557:37274,86058,99983,19350,86808,8619,118749,119751,82807
34403:3290,14154,35426,66983,16745,31210,47339,17740,19406,120467
26816:42933,64899,25317,72294,78375,100872,50315,21403,36655,28624
24669:28729,109744,4825,106146,3172,56986,112001,226,42440,105321
41814:3107,84355,48525,90894,66191,88339,12820,55703,80161,95271
12998:14541,32256,24218,53938,54695,182,116225,36232,46091,95757
12660:14088,4834,5315,42276,46375,5735,35212,29198,46223,20624
36358:88737,51714,56834,61966,528,89111,72728,29722,86054,12332
34292:83820,77826,42105,35755,43531,28689,74262,52761,43549,40990
34398:115980,25510,83265,18059
29387:19291,71615
2250:49715,71709,49715,22792
17208:56217,13389,120518,385,22801
14142:16450,62989,55310,52751,109590,31767,73240,59421,50209,44072
23827:54389,96720,116336,90231,28953,23933,28926,91137,109063,12296
32329:70248,111204,77551,107599,120357,53257,48020,79605,58804,57914
46104:101360
970:83571,103456,123264,30215,68522,2132,40951,111450,5998,67160
25384:36792,1969,35220,54080,5633,15394,52867,17124,5605,15745
30111:9617,72372,100203,44804,73814,18182,38279,33032,50668,24460
1397:11772,31522,121755,117316,66439,88584,102441,75474,118450,89302
2141:34319,65080,77063
31475:46671,90117,63494,71690,40971,2061,118803,102422,104471,112665
35970:24880
40782:14897,53322,510,15360,47617,105995,33293,56239,53792,47651
22799:14336,70283,81839,49026,61700,44037,75095,22419,4630,4248
12555:8899,5483,12412,104875,24625,16338,25652,81976,9404,100508
23311:31468,7401,8518
23962:10898,103008,101121,10408,60333,92721,55602,44435,79511,3876
9141:109744,106146,34129,8225,13362,14401,6568,6601,26923,62668
12130:49467,58832,73291,95718,57671
22806:110602,7815,13704,82519,25356,4627,30485,123161,58265,78112
20550:26363,26363,11080,81824
328:319,5889,3,9480,8074,395,6284,26136,1567,5025
12505:28553,54976,16069,81158,89735,106794,54827,83879,99548,14389
17158:45783,62989,55310,52751,109590,31767,73240,59421,50209,44072
20809:30861,93825,89315,100582,116929,60809,27565,56623,81523,41473
20438:26165,40800,7212,76265
18411:39348,97358,10545,49426,88403,79207,18867,22,89327,81934
10117:88081,5715,42701,109286,46088,79372,23053,25616,61975,114209
26842:89935,91878,108584,120169,65579,103788,64463,53713,46579,46070
21931:1761,113497,94897,39958,17424,1202,29,9745
2343:55516,21567,106917,73935,67459,50020,19561,6002,15299,53364
13062:73537,2656,9093,5998,67160,116694,43253,100326,62975,939
3934:31149,33373,226,17084
10051:35144,409,99170,120907,93579,89602
24269:64643,52705,81866,90117,63494,71690,40971,2061,118803,102422
26238:71151,50561,48354,89924,33606,36486,6121,99850,50284,1331
2260:23423
6020:56900,57734,5053,85562,112285,23230,18975,57216,115968,45269
23961:66259,73229,81360,90103,103535,45982,73229
28218:19697,35625,43458,1286,7207,9800,44298,44492,1112,20060
22198:1555,1252,11648,3841,26371,6788,901,16134,28039,1545
24175:40405,11453,120448,81076,68797,111229,18261
21149:65704,9246,93698,13445,31882,7563,38926,27025,96146,8469
22794:52268
8603:51517,9617,72372,25937,54144,3201,12546,65029,49159,71946
28485:79807,4678,12647,98540,3854,34642,22518,1824,1405,118660
34839:70265,17494,99201,113377,40451,90945,80572,93162,66125,114929
4006:58859,63403,69919,10369,92099,9445,60327,62413,36977,27161
9571:10031,33632,6657,31835,57701,36268,54474,46731,67596,65998
25448:49869,31350,14498,43143,74315,117452,49869,101741,15991,47260
20059:25003,23555,10127,12564,25370,17948,29978,54,16311,4542
22116:15201,52225,4227,32389,70152,2903,269,12175,5394,15705
9276:27847,13093,90824,93296,54746,14394,4589,49152,4097,8200
9808:65704,3223,70656,16805,13449,26039,22800,402,48373,37431
10090:53761,890,37888,53761,42756,100357,53895,55944,45961,12939
14455:21729,18798,21696,1377,34500,37192,1164,4880,4727,2008
17475:97322,65405,8962,42885,121098,23948,96005,3730,19220,53143
37911:99612,45211,2404,33542,10310,30698,90445,57777,89204,16100
6207:39546,33304,113938,24323,90117,63494,71690,40971,2061,118803
43094:93565,48929,52193,16260,21255,19209,1578,12011,1549,9076
7367:39204,69067
11651:43338,6401,14466,22148,75905,97674,17410,20111,2837,8986
16292:67305,119941,44422,84239,18033,93829,35720,26638,33170,53395
16008:6469,28484,72081,73778,66101,69558,23422
23587:31973,7211
27702:52705,81866,48552,11701,77262,116,82561,102658,116867,80254
18491:9015,31553,27602,21132,74610,8
2924:53138,15992,2028,101888,34273,74721,19972,99334,78599,109356
32656:30724,39555,77449,7691,51730,6171,24994,51367,111534,20317
11099:944,53322,86979,11588,103397,12455,18249,1906,21742,38801
6290:2232,91808,95619,97892,122695,86760,66093,44369,88626,33587
773:7742,39526,31208,58120,105394,94677,18491,28635,80259,6149
6457:40240,43008,3875,29476,3720,35978,17005,3504,17393,75636
11723:15098,24711,8,26889,4753,90261,18711,4251,11677,49953
12700:56652,5122,94214,26121,113677,49678,106519,35247,104481,104966
8958:31872,90117,63494,71690,40971,2061,75983,118803,102422,104471
19410:47265,36482,29540,75462,28968,108938,43403,67982,119823,61936
22675:74077,67800,115016,67755,36721,107507,5812,500
26971:537,85537,37475,15717,27112,17643,59441,23636,114403,36665
8644:55436,91326,7815,13704,82519,25356,4627,30485,123161,58265
21834:28724,29825,23010,13322,1039,55185,66260,98777,7451,21949
9812:7760,8962,42885,121098,23948,96005,3730,19220,53143,57375
16465:10684,69563,117248,32257,96771,26628,59158,10891,66956,97805
291:33734,97158,10511,10384,23,9755,1050,6258,54443,73005
22427:16952,95228,103886,117633,14083,52102,108423,76680,84873,69518
30151:64973,58456,121130,93455,8161,38292,77977
13657:18027,1348,42701,109286,11638,1143,5145,81114,2139,986
19307:53761,5097,55267,51399,59656,53193,29671,26035,40564,9397
8812:2204,122912,2967,66439,687,91137,109063,12296,5642,35339
18712:38152,2523,38152,59616,75801,15854
22036:12725,2437,1676,44813,107281,37032,45,13233,92987,2876
8009:121448,72029,57602,56613,27870,36152,51643,78078,86017,17238
14397:15430,10247,15370,1804,530,12440,28061,1313,289,2469
5894:52705,81866,119232,103931,79269,34378,20747,60202,27059,9524
12663:29770,357,1544,20493,6640,81490,14293,4919,8022,25097
24947:87565,6401,14466,22148,75905,2988,97674,17410,20111,2837
23997:56750,83136,76707,32677,35878,15623,26792,47721,48554,84072
24804:42586,72448,72132,10437,19017,68106,11115,94316,10044,97917
2639:34116,28544,95360,10504,24202,13838,25491,3093,51741,165
18200:3956,8826,6304,12864,20227,32166,121420,20881,1749,6677
31644:44663,41385,23377,75602,18452,22645,8474,11392,102913,38148
34227:50402,3589,6,8,19465,10,1549,1550,17,819
12328:6945,14370,52673,62656,899,4101,40326,44716,15242,14482
40189:2919,60448,41761,8995,12223,22695,12268,116714,13739,74861
9288:6793,16049,26062,43906,9349,51238,14474,207,99314,17561
13467:19052,57346,104580,31369,24919,67341,2447,13388,8209,121947
15388:32737,13022,13826,5859,23492,28326,40301,36526,83981,11506
4140:61502,25321,23843,74717,67281,2337,75393,40451,99201,70799
16474:4349,8962,42885,121098,23948,96005,3730,19220,53143,57375
20812:30786,774,3207,2696,7817,9490,6423,2714,1827,8871
10698:65704,71973,45739,28164,109062,9224,67594,56331,12300,104973
3613:2630,11565,7842,41575,17578,100877,40845,91701,121752,36985
7137:70580,50432,7082,4943,84850,24035,59805,15202,39684,23213
2802:2594,5889,3,9480,8074,395,6284,26136,1567,5025
19163:19697,35625,121651,27138,84355,33796,32778,90894,66191,88339
3277:40263,75041,110951,75655,32748,95503,35792,9874,62325,36122
3374:70145,16515,118564,2597,8934,40104,1708,25644,44237,41296
4424:46978,83937,14602
10854:3492,107981,49520,84874,3492,93438,66774
34973:40436,545,6468,14597,36457,46794,2290,47950,42607,14034
10140:12484,26316,27583,81864,19632,113928,1395,21556,24630,1561
15297:60884,13313,59051,7684,2390,27142,11783,1544,35340,48654
15890:113497,32044,17424,1202,28140,27137,34818,113238,54280,8108
27089:101138,1800,100112,15507,34324,77980,31901,33961,14383,46216
12662:60833,51752,59585,3233,48365,29030,656,18098,1987,4249
19032:10173,53316,54440,14479,77721,2719,75486,122207,112642,68100
8747:85160,23555,10127,12564,25370,17948,29978,54,16311,4542
1911:29727,88066,26027,9221,12294,50700,72206,120847,29712,34321
13110:30561,112433,56465,66613,90115,36876,50196,66583,67096,55833
20549:28684,800,8352,53222,57288,91596,28844,29529,51609,56596
25255:5658,57346,104580,31369,24919,67341,2447,13388,8209,121947
12841:12099,1921,5506,2052,70277,8455,117518,22415,113040,97430
16122:22634,5889,3,9480,8074,395,6284,26136,1567,5025
9613:10085,2691,9735,136,2185,394,6546,21141,4886,3614
15104:23936,119458,102819,109892,117031,30128,59572,693,7871,70271
18163:32639,53152,8697,71530,59987,25024,17410,10755,28164,54407
28876:69190,30978,96102,88134,94923,49965,89915,3152,98908,14955
14024:28615,49508,52487,10347,74672,60340,88024,87679,61827,55687
7303:83785,104811,74118
22372:4051,60448,41761,8995,12223,22695,12268,116714,13739,74861
13568:26054,13406,70870,7833,9497,34622,82177,90850,88259,57317
1491:53322,76293,36065,28104,4013,24720,50248,49683,8532,10581
1288:1017,87616,97859,74535,51853,57908,109653,95607,31508,105279
32010:20035,101511,37323,104690,105970,107411,54357,1166,53932,16012
22835:45919,36792,1969,35220,20480,43010,94211,55302,82946,83982
24262:5398,16669,45541,24040,85677,23696,33009,27060,72026,58461
925:20277,27108,52521,13901,7407,370,13269,53142,14328,56794
10130:14153,100354,58372,110934,86031,121872,60437,2071,68123,96289
18147:36339,23045,51111,35840,62117,4487,22633,29999,561,27999
11279:2405,113529,52989,118856,107060,35846
15737:28446,59904,104885,941,29203,46937,112666,35873,121891,110116
19985:74999,37569,113410,78316,25229,21009,76566,48760,44444,75741
22639:61692,71388,8525,10247,15370,1804,530,12440,28061,1313
21737:79112,96289,95051,32998,32294,116473,20043,89901,21695,23334
17716:25956,51677,34975,102013,53265,9554,27339,117179,40222
11540:19065,23410,27250,26293,78881,106074,24363,99909,86550,4600
15433:116324,71593,76480,12039,88968,86514,28790,104247,62680,76480
2046:91537,34052,122632,93076,37401,62106,115500,57773,75951,93247
5890:7610,36947,59526,16070,3719,34760,21610,26967,54733,63373
6031:21816,80208,113892,14642,6974
9879:10290,15584,94368,19557,98624,76686,1945,50041,100286,118165
6948:14610,102171,64933,769,56195,4589,1007,3514,6302
7059:6256,2012,661,122624,111240,67466,60695,11917,107918,52628
15918:25714,82588,107462,18504,6889,86474,91627,118060,45679,70664
13339:104494,50306,69606,37869,16016,54142,64487,100429,25362,74453
4028:97902,21920,53157,9232,29146,19103,17784,58401,60155,76420
9813:67068,97068,52871,8585,49159,109871,65585,104306,57781,5590
627:42376,77531,114599,19731,114599
8002:33472,5323,62607,51970,40451,15926,62058,69483,87596,3153
6597:36733,6191,85433,32282,2245,49111,59904,105814,45574,58051
7178:25588,80897,21380,4107,2583,931,3755,431,7048,30644
18815:18096,121531,63782,84110,111823,32285,107650,55555,23177,34453
13459:13051,63458,24199,95247,98865,100047,83641,90363,45820,56670
1930:18269,63563,103724,24752,45525,7160,12761,28188,48930,114176
5039:36263
12327:42715,70591,109312,112642,63491,68100,87675,111623,94216,118793
5535:26273,11648,3841,26371,6788,901,16134,28039,1545,110223
7112:75057,34116,120102,2449,75265,97251,110821,37505,102248,114316
21794:28650,1295,15423,749,112640,25024,17283,28164,96982,54407
9158:3717,8768,4808,34184,48956,20279,24716,21295,51088,36104
1850:1941,1800,2076,100112,15507,34324,77980,31901,33961,14383
2408:58419,5889,3,9480,8074,395,6284,26136,1567,5025
9945:39323,119451,37510,18287,70304,70050,5123,56658,96519,13352
20684:97902,90800,91137,109063,12296,5642,45067,108044,26125,89618
4637:3926,75969,85219,66308,33413,100737,66308,79749,25990,75969
15587:11270,6678,16861,52242,93829,42758,35720,99594,89605,26638
12067:51021,46844,4110,10302,59009,69634,47878,74121,18314,26946
15908:7945,66602,68812,118413,64958
2547:27535,37504,39171,3588,35630,40143,51134,107295,45056,102401
3686:15499,2675,81,5767,5292,3214,14635,46540,25230,3599
4303:3291,118660,89599,60388,1221,84456,34508,40364,97678,4541
33884:2754,63362,38283,90765,2446,34064,7828,62368,21669,14246
2661:2470,6924,29582,52754,114839,112286,88352,100260,117030,39848
16796:64422,72768,24439,58116,104811,29266,92750,36466,44915,17014
22246:17625,13754,69765,7458,30467,53253,16396,6187,66729,81082
7661:44827,28544,95360,10504,24202,13838,25491,3093,51741,165
29898:120899,4007,73909,110243,1193,52939,105901,11951,30993,23378
12587:26053,28544,95360,10504,24202,13838,25491,3093,51741,165
13436:4640,29952,93315,107588,19433,37098,59405,42190,40781,84689
6298:73007,1281,3879,121452,4204,80269,116656,8626,9309,61736
2553:81086,53316,54440,14479,77721,18939,2719,75486,122207,67588
1486:43358,83136,76707,32677,35878,15623,26792,47721,48554,84072
16554:13051,10369,92099,9445,60327,62413,36977,27161,1180,10930
22430:47802,120885,23425,110889,116269,48372,88149,92182,117404,650
4894:4880,102913,60353,78507,122375,102409,115214,66065,19715,107030
16710:23299,518,1800,2076,100112,15507,34324,77980,31901,33961
715:21926,6123,15622,102029,104343,85156,14375,11946,36908,36014
14791:61641,20594,48340,27361,47587,36534,12657,8520,7351,67784
2604:8167,51714,56834,61966,528,89111,72728,29722,86054,12332
981:1757,55307,8492,90790,4513,112002,90755,104966,119108,84105
7035:10898,7411,49084,35840,22340,62117,4487,22633,29999,561
9371:57718,8151,14108,62656,4101,40326,44716,15242,14482,56229
12480:11803,5987,5702,4135,39285,40542,6496,81926,15879,29704
18:17608,534,32205,43893,54038,63512,85561,35215,44561,42259
9824:66069,58560,56001,95522,79331,11237,104838,73099,122574,30776
4641:17145,105650,8454,93630,113702,12990,57346,93187,517,26120
18042:69034,11648,3841,26371,6788,901,16134,28039,1545,110223
2925:5398,12165,15337,54442,69237,75393,47236,12165,70799,23696
5765:39997,40552,10154,31797,121858,114180,67589,90118,88072,115211
2072:18109,62656,4101,40326,44716,15242,14482,56229,2731,812
9256:94580,53128,106985,56204,9456,45553,13714,108371,38164,106519
17897:38329,52225,4227,32389,70152,2903,269,12175,5394,915
18070:4513,15992,71170,15875,50006,105480,37391,120851,39086,8215
14470:59199,10247,15370,1804,530,12440,28061,1313,2469,554
4522:26509,10883,94724,20741,16144,64018,18195,35717,19490,88227
9173:20988,6918,80907,39829,17174,23841,13989,43302,23719,10026
15724:38177,122242,8969,103948,3341,76175,83985,113562,101284,117926
7173:18525,122242,8969,103948,3341,76175,83985,113562,101284,117926
21160:4660,88066,26027,9221,12294,1793,50700,72206,120847,29712
1245:10946,62656,4101,40326,44716,15242,14482,1187,56229,2731
14906:77296,80690,88170,122930,52303,19314,17811,33943,99960,8586
11538:36105,115207,75400,17931,62224,92691,22296,54436,42406,41003
7607:13511,30188,44115,964,90117,63494,91137,12296,71690,40971
14881:75432,122085,13856,71584,21318,14566,27017,24778,36843,49999
8264:9407,99596,49040,19607,100889,92062,72351,9376,73761,10918
10845:10770,34052,122632,47404,57722,83090,93076,31382,37401,62106
12406:67033,115273,18348,77390,73647,2613,28218,45629,102622,986
15207:79115,2959,102913,78352,59417,120239,50012,117814,14090,40009
6331:15992,56652,107520,57346,119126,12296,47114,45067,106498,108564
6966:103304,3770,8258,38716,81362,2303,26368,107013,110992,77585
15106:46687,86112,7251,14155,28199,43946,74955,35117,84954,42737
18284:12483,10247,15370,1804,530,12440,28061,1313,289,2469
1553:1953,5511,35735,30747,34077,38177,1829,13357,29745,11208
19482:82016,1587,11648,3841,26371,6788,901,16134,28039,1545
1518:59816,109744,106146,34129,65,12800,97793,59906,52232,30217
14330:62769,51752,8803,615,8,970,1987,8286,109954,105219
9827:50667,1287,22281,14551,40077,68495,2200,7323,3304,29092
15394:33051,7516,780,28402,42137,217,381,63491,43020,38926
12912:113909,76599,52225,4227,32389,70152,2903,269,12175,5394
3411:9536,11648,3841,26371,6788,901,16134,28039,1545,110223
16422:7441,35781,19008,86112,7251,14155,28199,43946,74955,35117
13039:2633,54977,81595,90599,40810,103538,101089,37819,94651,97152
16169:8596,19369,29813,2326,37496,8411,2305,6284,9618,102035
4530:11142,16180,101048,121944,46379,709,6,112642,90118,94216
5990:87258,94720,4741,6662,11915,100878,86673,15262,116230,83753
8380:36502,51478,27784,16650,7180,64022,14754,29987,81191,117802
12416:11604,86781,1287,90117,63494,71690,40971,2061,118798,59410
3386:28120,48538,8197,47243,9230,8861,10014,21171,14750,22199
5007:3153,61025,23042,52955,93623,16269,43342,20173,82065,21433
8206:47339,62989,55310,52751,109590,31767,73240,59421,50209,44072
4237:24057,42241,103683,2570,20631,47387,8688,21154,14756,74027
7949:57718,8151,14108,53128,106985,9456,45553,13714,108371,38164
4702:13617
5361:6030,2338,1476,518,13704,22606,15,17,46904,29
3353:108422,16385,16624,112642,110187,68100,22534,111623,94216,118793
6228:18355,117633,14083,52102,108423,76680,84873,69518,101394,106132
632:5246,114049,4610,123139,72836,117254,51719,39688,122130,73839
3974:103304,7008,8258,38716,81362,2303,26368,117760,92674,60523
2382:26335,80385,25733,50313,8587,69644,43149,4250,78298,16927
10088:50278,25368,40142,28807,34959,115859,16917,83864,107674,16413
14883:56982,62656,4101,40326,44716,15242,14482,56229,2731,812
14247:36785,34818,90117,63494,71690,40971,2061,122957,109876,77266
17749:30906,116449,4932,112071,81900,17934,88980,22134,122068,7194
20892:7758,73670,1382,60932,4438,48648,14345,71183,61969,23060
4053:44073,55200,24801,12898,73892,34623,100583,83949,12974,105760
2515:94761,37186,116,109312,112642,113579,68100,111739,111623,94216
3950:53322,37569,113410,78316,25229,21009,76566,48760,44444,75741
2293:939,4907,236,84198,118798,102417,59410,73749,110614,96281
9364:31120,46684,116513,59947,60678,43004,75531,111342,1393,23637
7692:75427,3657,27293,656,1604,554,356,6,98306,90117
12753:36788,60448,41761,8995,12223,22695,12268,116714,13739,74861
11419:12399,5987,5702,4135,39285,40542,1545,45056,86017,83971
758:70858,46128,79423,356,15,1109,4374,407,1240,19354
4852:103304,88066,26027,9221,12294,1793,50700,72206,120847,29712
7556:67880,48210,25740,60224,104354,28807,54632,119724,31215,35802
4164:32162,62656,4101,40326,44716,15242,14482,56229,2731,812
7713:52749,47243,9230,4756,8861,10014,14750,22199,30796,11724
2611:57718,14108,23555,10127,12564,25370,17948,29978,54,16311
1382:108618,29440,101504,30981,26122,15764,91543,98841,7045,88756
5271:36535,32768,47187,34467,92036,64967,21097,26538,85703,37610
6984:53992,80897,21380,1288,4107,2583,931,3755,431,30644
9487:14155,8105,483,3476,69636,79877,81927,90120,100366,43028
2676:12821,289,322,3563,11524,6759,3244,10279,5420,162
4642:4133,35143,10856,14202,749,112640,113000,98306,90117,63494
8186:37150,42241,103683,20631,47387,8688,21154,14756,74027,5421
1045:54418,28544,95360,10504,24202,13838,25491,3093,51741,165
7888:13776,10308,52225,4227,32389,70152,2903,269,12175,5394
6027:75427,33060,10560,356,6,554,656,245,90117,63494
20378:23124,40121,38916,90117,63494,88072,8876,71690,40971,2061
16093:82035,68796,77303,25220,37001,106506,12450,3365,2214,92839
9111:21902,79423,25727,194,356,398,1240,116,62,4374
3859:9142,10247,15370,1804,530,12440,28061,1313,289,2469
2521:52270,26500,12427,8625,78933,4375,9693,3753,398,454
590:22912,46085,86031,48663,92699,11804,11830,6395,23616,11843
2070:13580,43755,1920,654,15,273,3347,7700,153,1180
6587:18438,19691,8964,35589,46855,4619,151,1822,43808,15521
8054:5202,21696,1377,34500,37192,4880,4727,2139,873,46215
3921:63922,113474,6692,116279,48300,1453,7183,88208,30033,31059
1756:1733,43755,1920,8,654,15,273,3347,7700,153
5611:51975,46146,76099,21509,84870,44464,74161,45876,69591,29274
15178:17029,30688,19818,14003,29891,82653,94211,90117,63494,16044
815:37240,28402,42137,381,749,112640,2049,51202,96259,90117
7005:70100,14129,15,70100,1196,5567,53754,61445,63494,88072
4986:58917,52992,32897,3716,47877,11145,5771,89484,3085,8211
2541:6945,4420,52673,17667,30019,7444,90779,35101,24195,559
3811:75251,1155,57477,102540,6161,14101,18457,29468,20382,66437
5474:96629,10247,15370,1804,12440,28061,1313,2469,554,31019
4067:53322,119683,16390,71559,14871,120085,20119,5022,122656,29221
1192:18209,18439,93832,45839,2196,10777,94497,39843,94244,106659
11150:6120,45136,58411,13138,64027,61847,2048,1760,4547,441
1127:54107,114705,1719,9329,15413,97897,116957,73269,20505,427
6179:73457,88066,26027,1793,50700,72206,120847,29712,34321,42002
1853:63472,110239,66464,68137,58668,48049,23606,44215,54105,5594
782:61300,100244,1825,103144,7145,29709,1039,9617,71891,90117
42:29548,79108,78985,85904,107418,78364,56688,20398,7346,51510
4863:21650,4133,35143,85303,84,93184,83971,67589,101377,90120
825:7869,119683,71559,14871,120085,20119,122656,69032,15787,10295
3800:43755,1920,654,1039,273,3347,7700,8213,153,542
1125:55274,10247,15370,1804,530,12440,28061,1313,2469,31019
1787:80619,46085,521,86031,48663,92699,11804,11830,6395,23616
1000:6751,7815,13704,82519,25356,4627,30485,123161,58265,78112
2075:56192,15873,12162,75650,3346,64660,73493,41118,4259,23332
1602:23156,22340,62117,22633,29999,561,27999,116595,4793,24568
2461:11459,2158,153,59653,14859,8444,12056,84764,98594,5411
2290:16595,20440,153,10247,15370,530,12440,28061,1313,554
